0.68389999999999995 0.50949999999999995 242095.82466791547 96528.94982381619
0.64500000000000002 0.53649999999999998 321023.94482906599 90277.964311716627
0.69499999999999995 0.623 232451.9861789709 69246.720143280079
0.72599999999999998 0.57050000000000001 224109.78357655535 82954.280919655357
0.72260000000000002 0.65249999999999997 197039.37625179216 60139.159366904794
0.6986 0.67600000000000005 261189.54587530615 56159.22403098904
0.74319999999999997 0.629 118076.77352427026 29686.911674792023
0.74150000000000005 0.72199999999999998 210053.25967169268 40020.472802427292
0.73650000000000004 0.70899999999999996 202380.67413651125 42174.687247631933
0.7611 0.70650000000000002 153703.79884538107 43382.261009275062
