0.6169 0.54100000000000004 157847.1546283288 32689.237121084116
0.60450000000000004 0.58250000000000002 351037.16888601443 79357.139307374775
0.53659999999999997 0.50049999999999994 452113.53868646082 99900.0
0.64249999999999996 0.56000000000000005 295800.99090350897 85970.726855762579
0.64600000000000002 0.54649999999999999 279231.48289278836 87817.653455405292
0.66369999999999996 0.56599999999999995 257715.75388000376 82585.418501760287
0.64649999999999996 0.623 152607.41739976421 35612.219163292488
0.70369999999999999 0.71250000000000002 138228.32815639229 39997.519962386272
0.69450000000000001 0.69899999999999995 137869.88719897254 33806.233719749958
0.65059999999999996 0.57499999999999996 133824.6585380527 31159.536499698101
