0.55730000000000002 0.54600000000000004 293586.54822961753 39937.25054604913
0.58360000000000001 0.58850000000000002 274531.9832035682 44660.256195596201
0.59299999999999997 0.60699999999999998 267047.43784912041 44760.802733945842
0.59809999999999997 0.61799999999999999 267314.00927378295 47597.413436630137
0.60219999999999996 0.61150000000000004 262307.01640492468 56098.060077472597
0.60729999999999995 0.61650000000000005 255959.9928406963 52805.401377652539
0.60909999999999997 0.623 251013.03286115665 51179.643117166248
0.61150000000000004 0.61799999999999999 254900.40613811903 53881.614141365382
0.61429999999999996 0.62050000000000005 250535.50469852472 54428.980925487922
0.61609999999999998 0.62649999999999995 250681.22466027766 52836.218381441991
