1.0 1.0 5.0059956180348319e-13 2.5979218776228668e-13
1.0 1.0 5.0059956180348319e-13 2.5979218776228668e-13
1.0 1.0 5.0059956180348319e-13 2.5979218776228668e-13
1.0 1.0 5.0059956180348319e-13 2.5979218776228668e-13
1.0 1.0 5.0059956180348319e-13 2.5979218776228668e-13
1.0 1.0 5.0059956180348319e-13 2.5979218776228668e-13
1.0 1.0 5.0059956180348319e-13 2.5979218776228668e-13
1.0 1.0 5.0059956180348319e-13 2.5979218776228668e-13
1.0 1.0 5.0059956180348319e-13 2.5979218776228668e-13
1.0 1.0 5.0059956180348319e-13 2.5979218776228668e-13
