1.0 1.0 0.0020508260167266777 0.0010959084496540044
1.0 1.0 0.001945263358810255 0.0010393597568561564
1.0 1.0 0.0018511424535708129 0.00098893720982174663
1.0 1.0 0.00176687585833042 0.00094379104782474907
1.0 1.0 0.0016909518333199187 0.00090311192863414848
1.0 1.0 0.0016221878279943187 0.00086626675385768047
1.0 1.0 0.0015596244168119564 0.00083274187702739105
1.0 1.0 0.0015024910259024324 0.00080212476428145711
1.0 1.0 0.0014500588375743455 0.00077402518486932137
1.0 1.0 0.001401853976365686 0.00074818947785508202
