0.54490000000000005 0.4985 351193.32434456417 99907.237455954048
0.5514 0.497 337581.7537360242 99487.172791869802
0.55740000000000001 0.50149999999999995 323243.40087037155 97801.647703777897
0.56220000000000003 0.50549999999999995 313359.22342908173 96216.122615685992
0.56540000000000001 0.50549999999999995 307150.63157428091 94906.914135532817
0.56840000000000002 0.51100000000000001 302374.34744301258 92759.547351410278
0.57169999999999999 0.51600000000000001 298550.92059034889 91170.403535341349
0.5736 0.51749999999999996 295576.37142965599 90084.878447249444
0.57489999999999997 0.52100000000000002 293564.04422723968 88730.274207172857
0.57599999999999996 0.52700000000000002 291564.51071541297 87137.511663126905
