0.51900000000000002 0.52000000000000002 32389.498393146609 16733.893012343029
0.51900000000000002 0.52000000000000002 32389.498393146609 16733.893012343029
0.51900000000000002 0.52000000000000002 32389.498393146609 16733.893012343029
0.51900000000000002 0.52000000000000002 32389.498393146609 16733.893012343029
0.51900000000000002 0.52000000000000002 32389.498393146609 16733.893012343029
0.51900000000000002 0.52000000000000002 32389.498393146609 16733.893012343029
0.51900000000000002 0.52000000000000002 32389.498393146609 16733.893012343029
0.51900000000000002 0.52000000000000002 32389.498393146609 16733.893012343029
0.51900000000000002 0.52000000000000002 32389.498393146609 16733.893012343029
0.51900000000000002 0.52000000000000002 32389.498393146609 16733.893012343029
