0.6462 0.62250000000000005 200551.61154880442 41734.194767920941
0.66059999999999997 0.63200000000000001 142260.05039878556 48272.742918624877
0.61229999999999996 0.53549999999999998 126731.09573303619 34215.247486277563
0.51039999999999996 0.5 464093.19921556185 99934.539575992341
0.64990000000000003 0.51249999999999996 175199.48798302276 96321.712367862172
0.64290000000000003 0.58450000000000002 211263.45407636123 76081.985383324078
0.65910000000000002 0.5655 153121.56328323288 33298.33840699846
0.50209999999999999 0.499 460529.4457000742 100069.07915198468
0.54900000000000004 0.50349999999999995 274380.48784423945 98645.395759924053
0.60870000000000002 0.51200000000000001 189697.48890693521 96356.256692142124
