0.23999999999999999 0.222 13375.10372104146 6715.8713112663909
0.0 0.0 11456.633839965933 5713.9377474611101
0.0 0.0 13321.87307096901 6708.5232114203282
0.25900000000000001 0.25800000000000001 5779.715189773463 2992.7555270558223
0.76000000000000001 0.77800000000000002 955.43995295189507 443.95514883804822
1.0 1.0 69.665612494227119 34.365370636926329
1.0 1.0 40.734316118932057 20.212749486916643
1.0 1.0 29.19156044696302 14.561423157387642
1.0 1.0 22.650174961961127 11.282007815601157
1.0 1.0 18.552420390619542 9.2496414901939747
