0.501 0.52000000000000002 17235.248420178243 8289.4982381618538
0.501 0.52000000000000002 17235.248420178243 8289.4982381618538
0.501 0.52000000000000002 17235.248420178243 8289.4982381618538
0.501 0.52000000000000002 17235.248420178243 8289.4982381618538
0.501 0.52000000000000002 17235.248420178243 8289.4982381618538
0.501 0.52000000000000002 17235.248420178243 8289.4982381618538
0.501 0.52000000000000002 17235.248420178243 8289.4982381618538
0.501 0.52000000000000002 17235.248420178243 8289.4982381618538
0.501 0.52000000000000002 17235.248420178243 8289.4982381618538
0.501 0.52000000000000002 17235.248420178243 8289.4982381618538
