0.25900000000000001 0.25800000000000001 49813.532068008695 25677.895132260834
0.25900000000000001 0.25800000000000001 46543.262508481406 23740.320028822207
0.25900000000000001 0.25800000000000001 43255.638405834841 21793.480055283399
0.25900000000000001 0.25800000000000001 38211.965693493439 19033.470950659193
0.24099999999999999 0.25800000000000001 36039.67942171613 17805.607512267055
0.24099999999999999 0.25800000000000001 37379.505482905202 18472.931788273487
0.24099999999999999 0.25800000000000001 36144.687104848716 17858.045880503625
0.24099999999999999 0.25800000000000001 37220.437741880836 18393.770468768078
0.0 0.0 36038.352038394623 17816.742128120091
0.24099999999999999 0.25800000000000001 36035.641005284037 17807.708320985319
