0.5 0.51600000000000001 34289.49823816189 16933.89293514987
0.5 0.51600000000000001 29760.571762794974 14652.010749484147
0.5 0.51600000000000001 19892.249598903913 9679.8945822930255
0.5 0.51600000000000001 10046.357530942603 4719.0796318058601
0.76000000000000001 0.77800000000000002 8395.5656691475233 3887.3345932684806
0.76000000000000001 0.77800000000000002 8403.8759098118881 3891.5216850887837
0.76000000000000001 0.77800000000000002 8430.2022000037396 3904.7860851547707
0.76000000000000001 0.77800000000000002 8365.8091851494573 3872.3419130184034
0.76000000000000001 0.77800000000000002 8318.1059658183931 3848.7304224728387
0.51900000000000002 0.52000000000000002 5000.3216934851298 2331.0674964027303
