0.57950000000000002 0.63849999999999996 241981.85204067966 44457.528576510864
0.56940000000000002 0.59550000000000003 178690.6573222951 50347.22003267995
0.57669999999999999 0.57150000000000001 149398.41409036252 40463.294493928755
0.58509999999999995 0.52900000000000003 224228.60400785078 89591.084366440627
0.45169999999999999 0.46300000000000002 164916.77491135205 54636.462884780121
0.5786 0.59799999999999998 149177.45046005392 61221.336773826341
0.49959999999999999 0.5 159503.16273336441 34539.575992341219
0.46579999999999999 0.47599999999999998 117350.68144611038 82704.210795475621
0.55979999999999996 0.58650000000000002 129774.35056483584 46766.417629834992
0.55020000000000002 0.54449999999999998 115739.44365894825 41830.143371994724
