0.57550000000000001 0.61850000000000005 364393.29095147649 62068.490219748521
0.52680000000000005 0.50749999999999995 165219.62683896467 34127.104195165892
0.51839999999999997 0.52800000000000002 444853.99385490915 93127.580949187628
0.63349999999999995 0.59899999999999998 234926.75517932483 73662.178364293795
0.64480000000000004 0.65200000000000002 179500.55564607523 53995.729323381747
0.51549999999999996 0.50900000000000001 433636.25056192605 98119.722957688326
0.64559999999999995 0.65000000000000002 140953.61398266591 38143.036635689896
0.63060000000000005 0.629 132252.10577663372 33737.245004018041
0.62609999999999999 0.64600000000000002 180148.78109542851 50016.340521303282
0.55589999999999995 0.53000000000000003 147086.1718503751 32932.888629048277
