0.5786 0.52049999999999996 267379.58680660836 93150.662191678333
0.5907 0.53000000000000003 262729.26442629698 88632.245231371984
0.59179999999999999 0.54300000000000004 267180.14995933505 84853.957599234127
0.5968 0.55349999999999999 261613.27044220446 78760.871734766944
0.60309999999999997 0.55000000000000004 265212.39145674068 81228.30318297373
0.60670000000000002 0.55449999999999999 260891.99714030095 77971.727918698016
0.61070000000000002 0.56100000000000005 257877.18905173242 76278.965374652049
0.61509999999999998 0.57699999999999996 247910.01350637228 69930.264869086939
0.6179 0.58150000000000002 245225.0259639447 67561.970486303166
0.62339999999999995 0.57699999999999996 246862.96772025729 71376.994350452922
