0.54339999999999999 0.55500000000000005 318419.15857326612 62815.830396936493
0.56159999999999999 0.57099999999999995 301683.89889109088 65441.80813361812
0.56969999999999998 0.58450000000000002 291387.64705786254 62872.728981633438
0.57640000000000002 0.59050000000000002 287305.54170860397 63243.779157817255
0.58020000000000005 0.59899999999999998 281783.95989166643 59710.887285602803
0.58530000000000004 0.60350000000000004 277440.75920627214 57959.901773503239
0.58979999999999999 0.61150000000000004 274004.80902973411 55826.520796431534
0.59350000000000003 0.61450000000000005 270522.56126522244 54777.995413388358
0.59770000000000001 0.61699999999999999 268241.88131089369 54670.757957434311
0.59919999999999995 0.61099999999999999 268252.62550450134 57507.268557625779
