0.55510000000000004 0.53249999999999997 296822.61920528818 89572.374559540476
0.58599999999999997 0.61399999999999999 278005.40796255472 63518.771382399318
0.60029999999999994 0.63549999999999995 262569.29983143869 55487.527213962763
0.61560000000000004 0.65149999999999997 266373.2120782623 48752.664317549192
0.62239999999999995 0.65500000000000003 262655.9630450994 48183.585181735994
0.63060000000000005 0.65549999999999997 225540.00596445877 39770.111316591843
0.63529999999999998 0.66249999999999998 252477.3009619115 47042.938868915931
0.64059999999999995 0.66349999999999998 235518.5278913487 43734.247357242843
0.64759999999999995 0.64800000000000002 212923.57391957083 38781.199854046325
0.62649999999999995 0.59799999999999998 182839.06930756639 34079.077548519075
