0.64239999999999997 0.64800000000000002 158905.15788685434 37800.708844185923
0.60360000000000003 0.55400000000000005 143354.40414656332 33165.877049444076
0.60709999999999997 0.58850000000000002 142616.45193902939 31306.329698033802
0.53000000000000003 0.5 164070.87071504013 34539.575992341219
0.60399999999999998 0.499 360939.22881425807 100069.07915198468
0.60529999999999995 0.61499999999999999 140574.37091084963 30283.014200428825
0.69969999999999999 0.61299999999999999 165275.02761100561 67450.015550835873
0.53559999999999997 0.50600000000000001 161210.50730952522 34190.561504440782
0.64300000000000002 0.51700000000000002 310049.19001105143 94439.806018241594
0.60189999999999999 0.502 365691.87126743171 99469.079151984683
