0.54749999999999999 0.501 177380.55721212362 34601.417688371854
0.62749999999999995 0.56950000000000001 321963.02795438381 82957.899647632381
0.70469999999999999 0.67600000000000005 173651.82816753222 32658.931812239534
0.65500000000000003 0.53800000000000003 290255.81807095907 90632.568551793796
0.7107 0.66800000000000004 172841.6609873272 53798.816722028481
0.64059999999999995 0.55649999999999999 303670.35382154811 86272.173521222692
0.63759999999999994 0.52949999999999997 311689.17704908765 93314.474911908095
0.60809999999999997 0.53600000000000003 139885.63231460564 32903.712032992211
0.71430000000000005 0.63600000000000001 212247.18311671566 65468.432511142215
0.70199999999999996 0.62849999999999995 203577.99702284375 66869.614909133088
