0.55659999999999998 0.5 382577.47096503613 100000.0
0.59550000000000003 0.50249999999999995 364339.174324647 99434.539575992341
0.68410000000000004 0.64400000000000002 260821.6370141923 64523.036751218802
0.75609999999999999 0.67400000000000004 170308.22678232501 31160.579516017431
0.75209999999999999 0.64900000000000002 142790.65263752156 28894.472451167305
0.75290000000000001 0.69799999999999995 123500.79042437313 35328.657605066692
0.72689999999999999 0.72099999999999997 216523.42448588775 39827.656542131255
0.77880000000000005 0.60450000000000004 152141.8843448369 75892.439223624722
0.76390000000000002 0.60199999999999998 168854.76428676429 75934.216255571111
0.7782 0.66300000000000003 105105.18098148973 57777.317670874159
