0.59309999999999996 0.503 352750.55246868625 99138.158303969365
0.6704 0.58299999999999996 216816.24010909974 76625.343084264794
0.58199999999999996 0.52849999999999997 387377.52485123271 92307.482940591522
0.63929999999999998 0.54600000000000004 293881.71574966528 87526.978799617063
0.59330000000000005 0.55649999999999999 370019.02512443264 84510.532863509841
0.53029999999999999 0.51700000000000002 454856.89883229817 96010.863417578526
0.65010000000000001 0.59899999999999998 290364.01667816495 74177.640991295382
0.69299999999999995 0.621 161964.18009825936 65528.508307729469
0.70920000000000005 0.69350000000000001 149074.44547105129 45393.116966138936
0.56469999999999998 0.52649999999999997 152056.90561884997 33363.582704823719
