0.58460000000000001 0.65300000000000002 278584.85428023862 46423.391173311771
0.60980000000000001 0.62150000000000005 263867.00075027649 58352.987637970429
0.63 0.66049999999999998 202787.79496747427 37169.176279644438
0.55169999999999997 0.502 161584.54264711047 34466.878112379512
0.62129999999999996 0.57399999999999995 143993.50374195189 31587.912737727456
0.59870000000000001 0.54300000000000004 150987.44540595249 32223.776880437246
0.62119999999999997 0.59850000000000003 141452.00534184184 29764.552666087413
0.60750000000000004 0.55449999999999999 144358.63887251128 32149.431113336857
0.62480000000000002 0.63400000000000001 140872.64800439714 28621.451250784365
0.60140000000000005 0.57699999999999996 144641.24537386221 30333.308497650865
