0.54949999999999999 0.55200000000000005 118259.33856893753 41668.752645069442
0.55820000000000003 0.53800000000000003 91959.738267732726 86052.430301287037
0.49819999999999998 0.4995 146461.07707150548 34544.440230626431
0.57199999999999995 0.53900000000000003 173593.67258077016 85925.104005911358
0.54520000000000002 0.53049999999999997 155583.30330490094 62192.931211101328
0.45069999999999999 0.439 176876.58153899972 88909.819798819546
0.50290000000000001 0.49399999999999999 83777.767025649664 40854.42899914561
0.5 0.5 188563.7191156084 99094.688247896236
0.57969999999999999 0.57750000000000001 49322.582818330753 58770.318653492897
0.56830000000000003 0.54600000000000004 95922.428799068861 77175.68644196057
